NUMPOLLIES 36

// Floor 1
-3.0  -1.0 -3.0 1.0 0.0
-3.0  -1.0  3.0 1.0 1.0
 3.0  -1.0  3.0 0.0 1.0
-3.0  -1.0 -3.0 1.0 0.0
 3.0  -1.0 -3.0 0.0 0.0
 3.0  -1.0  3.0 0.0 1.0

// Ceiling 1
-3.0  1.0 -3.0 1.0 0.0
-3.0  1.0  3.0 1.0 1.0
 3.0  1.0  3.0 0.0 1.0
-3.0  1.0 -3.0 1.0 0.0
 3.0  1.0 -3.0 0.0 0.0
 3.0  1.0  3.0 0.0 1.0

// A1
-3.0  1.0  -3.0 1.0 0.0
-3.0  -1.0  -3.0 1.0 1.0
-1.0  -1.0  -3.0 0.0 1.0
-3.0  1.0  -3.0 1.0 0.0
-1.0  1.0  -3.0 0.0 0.0
-1.0  -1.0  -3.0 0.0 1.0

// A2
-3.0  1.0  -1.0 1.0 0.0
-3.0  -1.0  -1.0 1.0 1.0
-1.0  -1.0  -1.0 0.0 1.0
-3.0  1.0  -1.0 1.0 0.0
-1.0  1.0  -1.0 0.0 0.0
-1.0  -1.0  -1.0 0.0 1.0

// A3
-3.0  1.0  -3.0 1.0 0.0
-3.0  -1.0  -3.0 1.0 1.0
-3.0  -1.0  -1.0 0.0 1.0
-3.0  1.0  -3.0 1.0 0.0
-3.0  1.0  -1.0 0.0 0.0
-3.0  -1.0  -1.0 0.0 1.0

// A4
-1.0  1.0  -3.0 1.0 0.0
-1.0  -1.0  -3.0 1.0 1.0
-1.0  -1.0  -1.0 0.0 1.0
-1.0  1.0  -3.0 1.0 0.0
-1.0  1.0  -1.0 0.0 0.0
-1.0  -1.0  -1.0 0.0 1.0

// B1
3.0  1.0  -3.0 1.0 0.0
3.0  -1.0  -3.0 1.0 1.0
1.0  -1.0  -3.0 0.0 1.0
3.0  1.0  -3.0 1.0 0.0
1.0  1.0  -3.0 0.0 0.0
1.0  -1.0  -3.0 0.0 1.0

// B2
3.0  1.0  -1.0 1.0 0.0
3.0  -1.0  -1.0 1.0 1.0
1.0  -1.0  -1.0 0.0 1.0
3.0  1.0  -1.0 1.0 0.0
1.0  1.0  -1.0 0.0 0.0
1.0  -1.0  -1.0 0.0 1.0

// B3
3.0  1.0  -3.0 1.0 0.0
3.0  -1.0  -3.0 1.0 1.0
3.0  -1.0  -1.0 0.0 1.0
3.0  1.0  -3.0 1.0 0.0
3.0  1.0  -1.0 0.0 0.0
3.0  -1.0  -1.0 0.0 1.0

// B4
1.0  1.0  -3.0 1.0 0.0
1.0  -1.0  -3.0 1.0 1.0
1.0  -1.0  -1.0 0.0 1.0
1.0  1.0  -3.0 1.0 0.0
1.0  1.0  -1.0 0.0 0.0
1.0  -1.0  -1.0 0.0 1.0

// C1
-3.0  1.0  3.0 1.0 0.0
-3.0  -1.0 3.0 1.0 1.0
-1.0  -1.0 3.0 0.0 1.0
-3.0  1.0  3.0 1.0 0.0
-1.0  1.0  3.0 0.0 0.0
-1.0  -1.0 3.0 0.0 1.0

// C2
-3.0  1.0  1.0 1.0 0.0
-3.0  -1.0 1.0 1.0 1.0
-1.0  -1.0 1.0 0.0 1.0
-3.0  1.0  1.0 1.0 0.0
-1.0  1.0  1.0 0.0 0.0
-1.0  -1.0 1.0 0.0 1.0

// C3
-3.0  1.0  3.0 1.0 0.0
-3.0  -1.0 3.0 1.0 1.0
-3.0  -1.0 1.0 0.0 1.0
-3.0  1.0  3.0 1.0 0.0
-3.0  1.0  1.0 0.0 0.0
-3.0  -1.0  1.0 0.0 1.0

// C4
-1.0  1.0  3.0 1.0 0.0
-1.0  -1.0 3.0 1.0 1.0
-1.0  -1.0 1.0 0.0 1.0
-1.0  1.0  3.0 1.0 0.0
-1.0  1.0  1.0 0.0 0.0
-1.0  -1.0 1.0 0.0 1.0

// D1
3.0  1.0  3.0 1.0 0.0
3.0  -1.0 3.0 1.0 1.0
1.0  -1.0 3.0 0.0 1.0
3.0  1.0  3.0 1.0 0.0
1.0  1.0  3.0 0.0 0.0
1.0  -1.0 3.0 0.0 1.0

// D2
3.0  1.0  1.0 1.0 0.0
3.0  -1.0 1.0 1.0 1.0
1.0  -1.0 1.0 0.0 1.0
3.0  1.0  1.0 1.0 0.0
1.0  1.0  1.0 0.0 0.0
1.0  -1.0 1.0 0.0 1.0

// D3
3.0  1.0  3.0 1.0 0.0
3.0  -1.0 3.0 1.0 1.0
3.0  -1.0 1.0 0.0 1.0
3.0  1.0  3.0 1.0 0.0
3.0  1.0  1.0 0.0 0.0
3.0  -1.0 1.0 0.0 1.0

// D4
1.0  1.0  3.0 1.0 0.0
1.0  -1.0 3.0 1.0 1.0
1.0  -1.0 1.0 0.0 1.0
1.0  1.0  3.0 1.0 0.0
1.0  1.0  1.0 0.0 0.0
1.0  -1.0 1.0 0.0 1.0
